
[38;2;178;178;178m⣿[38;2;178;178;178m⣿[38;2;178;178;178m⣿[38;2;178;178;178m⣿[38;2;178;178;178m⣿[38;2;178;178;178m⣿[38;2;178;178;178m⣿[38;2;178;178;178m⣿[38;2;178;178;178m⣿[38;2;178;178;178m⣿[38;2;178;178;178m⣿[38;2;178;178;178m⣿[38;2;178;178;178m⣿[38;2;178;178;178m⣿[38;2;178;178;178m⣿[38;2;178;178;178m⣿[38;2;178;178;178m⣿[38;2;178;178;178m⣿[38;2;178;178;178m⣿[38;2;178;178;178m⡿[38;2;178;178;178m⠿[38;2;178;178;178m⢿[38;2;178;178;178m⣿[38;2;178;178;178m⣿[38;2;178;178;178m⣿[38;2;178;178;178m⣿[38;2;178;178;178m⣿[38;2;178;178;178m⣿[38;2;178;178;178m⣿[38;2;178;178;178m⣿[38;2;178;178;178m⣿[38;2;178;178;178m⣿[38;2;178;178;178m⣿[38;2;178;178;178m⣿[38;2;178;178;178m⣿[38;2;178;178;178m⣿[38;2;178;178;178m⣿[38;2;178;178;178m⣿[38;2;178;178;178m⣿[38;2;178;178;178m⣿[38;2;178;178;178m⣿[38;2;178;178;178m⣿[38;2;178;178;178m
[38;2;178;178;178m⣿[38;2;178;178;178m⣿[38;2;178;178;178m⣿[38;2;178;178;178m⣿[38;2;178;178;178m⣿[38;2;178;178;178m⣿[38;2;178;178;178m⣿[38;2;178;178;178m⣿[38;2;178;178;178m⣿[38;2;178;178;178m⣿[38;2;178;178;178m⣿[38;2;178;178;178m⣿[38;2;178;178;178m⣿[38;2;178;178;178m⠿[38;2;178;178;178m⠛[38;2;178;178;178m⠋[38;2;178;178;178m⠉[38;2;178;178;178m⠁[38;2;178;178;178m⠀[38;2;178;178;178m⠀[38;2;178;178;178m⠀[38;2;178;178;178m⠈[38;2;178;178;178m⠀[38;2;178;178;178m⠀[38;2;178;178;178m⠀[38;2;178;178;178m⠉[38;2;178;178;178m⠙[38;2;178;178;178m⠻[38;2;178;178;178m⢿[38;2;178;178;178m⣿[38;2;178;178;178m⣿[38;2;178;178;178m⣿[38;2;178;178;178m⣿[38;2;178;178;178m⣿[38;2;178;178;178m⣿[38;2;178;178;178m⣿[38;2;178;178;178m⣿[38;2;178;178;178m⣿[38;2;178;178;178m⣿[38;2;178;178;178m⣿[38;2;178;178;178m⣿[38;2;178;178;178m⣿[38;2;178;178;178m
[38;2;178;178;178m⣿[38;2;178;178;178m⣿[38;2;178;178;178m⣿[38;2;178;178;178m⣿[38;2;178;178;178m⣿[38;2;178;178;178m⣿[38;2;178;178;178m⣿[38;2;178;178;178m⣿[38;2;178;178;178m⣿[38;2;178;178;178m⣿[38;2;178;178;178m⡿[38;2;178;178;178m⠋[38;2;178;178;178m⠁[38;2;178;178;178m⠀[38;2;178;178;178m⠀[38;2;178;178;178m⠀[38;2;178;178;178m⠀[38;2;178;178;178m⠀[38;2;178;178;178m⠀[38;2;178;178;178m⠀[38;2;178;178;178m⠀[38;2;178;178;178m⠀[38;2;178;178;178m⠀[38;2;178;178;178m⠀[38;2;178;178;178m⠀[38;2;242;43;83m⢀[38;2;242;43;83m⣀[38;2;178;178;178m [38;2;178;178;178m [38;2;178;178;178m⠙[38;2;178;178;178m⣿[38;2;178;178;178m⣿[38;2;178;178;178m⣿[38;2;178;178;178m⣿[38;2;178;178;178m⣿[38;2;178;178;178m⣿[38;2;178;178;178m⣿[38;2;178;178;178m⣿[38;2;178;178;178m⣿[38;2;178;178;178m⣿[38;2;178;178;178m⣿[38;2;178;178;178m⣿[38;2;178;178;178m
[38;2;178;178;178m⣿[38;2;178;178;178m⣿[38;2;178;178;178m⣿[38;2;178;178;178m⣿[38;2;178;178;178m⣿[38;2;178;178;178m⣿[38;2;178;178;178m⣿[38;2;178;178;178m⣿[38;2;178;178;178m⠟[38;2;178;178;178m⠉[38;2;178;178;178m⠀[38;2;178;178;178m⠀[38;2;178;178;178m⠀[38;2;178;178;178m⠀[38;2;178;178;178m⠀[38;2;178;178;178m⠀[38;2;178;178;178m⠀[38;2;178;178;178m⠀[38;2;178;178;178m⠀[38;2;178;178;178m⠀[38;2;178;178;178m⠀[38;2;178;178;178m⠀[38;2;242;43;83m⣠[38;2;242;43;83m⣴[38;2;242;43;83m⣿[38;2;242;43;83m⣿[38;2;242;43;83m⣿[38;2;242;43;83m⣿[38;2;242;43;83m⣷[38;2;242;43;83m⣶[38;2;242;43;83m⣄[38;2;178;178;178m⢿[38;2;178;178;178m⣿[38;2;178;178;178m⣿[38;2;178;178;178m⣿[38;2;178;178;178m⣿[38;2;178;178;178m⣿[38;2;178;178;178m⣿[38;2;178;178;178m⣿[38;2;178;178;178m⣿[38;2;178;178;178m⣿[38;2;178;178;178m⣿[38;2;178;178;178m
[38;2;178;178;178m⣿[38;2;178;178;178m⣿[38;2;178;178;178m⣿[38;2;178;178;178m⣿[38;2;178;178;178m⣿[38;2;178;178;178m⣿[38;2;178;178;178m⡿[38;2;178;178;178m⠃[38;2;178;178;178m⠀[38;2;178;178;178m⠀[38;2;178;178;178m⠀[38;2;178;178;178m⠀[38;2;178;178;178m⠀[38;2;178;178;178m⠀[38;2;178;178;178m⠀[38;2;178;178;178m⠀[38;2;178;178;178m⠀[38;2;178;178;178m⠀[38;2;178;178;178m⠀[38;2;178;178;178m⠀[38;2;178;178;178m⠀[38;2;242;43;83m⢰[38;2;242;43;83m⣿[38;2;242;43;83m⣿[38;2;242;43;83m⣿[38;2;242;43;83m⣿[38;2;242;43;83m⣿[38;2;242;43;83m⣿[38;2;242;43;83m⣿[38;2;242;43;83m⣿[38;2;242;43;83m⠿[38;2;242;43;83m⠃[38;2;178;178;178m⠉[38;2;178;178;178m⠉[38;2;178;178;178m⠙[38;2;178;178;178m⢿[38;2;178;178;178m⣿[38;2;178;178;178m⣿[38;2;178;178;178m⣿[38;2;178;178;178m⣿[38;2;178;178;178m⣿[38;2;178;178;178m⣿[38;2;178;178;178m
[38;2;178;178;178m⣿[38;2;178;178;178m⣿[38;2;178;178;178m⣿[38;2;178;178;178m⣿[38;2;178;178;178m⣿[38;2;178;178;178m⡿[38;2;178;178;178m⠁[38;2;178;178;178m⠀[38;2;178;178;178m⠀[38;2;178;178;178m⠀[38;2;178;178;178m⠀[38;2;178;178;178m⠀[38;2;178;178;178m⠀[38;2;178;178;178m⡄[38;2;178;178;178m⠀[38;2;178;178;178m⠀[38;2;178;178;178m⠀[38;2;178;178;178m⠀[38;2;178;178;178m⠀[38;2;178;178;178m⠀[38;2;178;178;178m⠀[38;2;242;43;83m⢸[38;2;242;43;83m⣿[38;2;242;43;83m⣿[38;2;242;43;83m⣿[38;2;242;43;83m⣿[38;2;242;43;83m⣿[38;2;242;43;83m⣿[38;2;242;43;83m⣿[38;2;242;43;83m⣯[38;2;178;178;178m⠀[38;2;178;178;178m⠀[38;2;178;178;178m⠀[38;2;178;178;178m⠀[38;2;178;178;178m⠀[38;2;178;178;178m⢸[38;2;178;178;178m⣿[38;2;178;178;178m⣿[38;2;178;178;178m⣿[38;2;178;178;178m⣿[38;2;178;178;178m⣿[38;2;178;178;178m⣿[38;2;178;178;178m
[38;2;178;178;178m⣿[38;2;178;178;178m⣿[38;2;178;178;178m⣿[38;2;178;178;178m⣿[38;2;178;178;178m⣿[38;2;178;178;178m⠃[38;2;178;178;178m⠀[38;2;178;178;178m⠀[38;2;178;178;178m⠀[38;2;178;178;178m⠀[38;2;178;178;178m⠀[38;2;178;178;178m⠀[38;2;178;178;178m⣸[38;2;178;178;178m⠃[38;2;178;178;178m⠀[38;2;178;178;178m⠀[38;2;178;178;178m⠀[38;2;178;178;178m⠀[38;2;178;178;178m⠀[38;2;178;178;178m⠀[38;2;178;178;178m⠀[38;2;242;43;83m⠸[38;2;242;43;83m⣿[38;2;242;43;83m⣿[38;2;242;43;83m⣿[38;2;242;43;83m⣿[38;2;242;43;83m⣿[38;2;242;43;83m⣿[38;2;242;43;83m⣿[38;2;242;43;83m⣿[38;2;242;43;83m⣷[38;2;242;43;83m⣀[38;2;242;43;83m⣀[38;2;242;43;83m⣀[38;2;242;43;83m⣠[38;2;178;178;178m⠻[38;2;178;178;178m⣿[38;2;178;178;178m⣿[38;2;178;178;178m⣿[38;2;178;178;178m⣿[38;2;178;178;178m⣿[38;2;178;178;178m⣿[38;2;178;178;178m
[38;2;178;178;178m⣿[38;2;178;178;178m⣿[38;2;178;178;178m⣿[38;2;178;178;178m⣿[38;2;178;178;178m⣿[38;2;178;178;178m⠀[38;2;178;178;178m⠀[38;2;178;178;178m⠀[38;2;178;178;178m⠀[38;2;178;178;178m⠀[38;2;178;178;178m⠀[38;2;178;178;178m⠀[38;2;178;178;178m⣭[38;2;178;178;178m⠀[38;2;178;178;178m⠀[38;2;178;178;178m⠀[38;2;178;178;178m⠀[38;2;178;178;178m⠀[38;2;178;178;178m⠀[38;2;178;178;178m⠀[38;2;178;178;178m⠀[38;2;178;178;178m⠀[38;2;178;178;178m⠀[38;2;178;178;178m⠀[38;2;242;43;83m⢹[38;2;242;43;83m⣿[38;2;242;43;83m⣿[38;2;242;43;83m⣿[38;2;242;43;83m⣿[38;2;242;43;83m⣿[38;2;242;43;83m⣿[38;2;242;43;83m⣿[38;2;242;43;83m⣿[38;2;242;43;83m⣿[38;2;242;43;83m⣿[38;2;242;43;83m⡇[38;2;178;178;178m⣿[38;2;178;178;178m⣿[38;2;178;178;178m⣿[38;2;178;178;178m⣿[38;2;178;178;178m⣿[38;2;178;178;178m⣿[38;2;178;178;178m
[38;2;178;178;178m⣿[38;2;178;178;178m⣿[38;2;178;178;178m⣿[38;2;178;178;178m⣿[38;2;178;178;178m⣷[38;2;178;178;178m⣀[38;2;178;178;178m⣀[38;2;178;178;178m⡀[38;2;178;178;178m⣀[38;2;178;178;178m⠀[38;2;178;178;178m⠀[38;2;178;178;178m⠰[38;2;178;178;178m⣿[38;2;178;178;178m⠀[38;2;178;178;178m⠀[38;2;178;178;178m⠀[38;2;178;178;178m⠀[38;2;178;178;178m⠀[38;2;178;178;178m⠀[38;2;178;178;178m⠀[38;2;178;178;178m⠀[38;2;178;178;178m⠀[38;2;178;178;178m⠀[38;2;178;178;178m⠀[38;2;242;43;83m⢸[38;2;242;43;83m⣿[38;2;242;43;83m⣿[38;2;242;43;83m⣿[38;2;242;43;83m⣿[38;2;242;43;83m⣝[38;2;242;43;83m⣿[38;2;242;43;83m⣿[38;2;242;43;83m⣿[38;2;242;43;83m⣿[38;2;242;43;83m⡿[38;2;178;178;178m⣰[38;2;178;178;178m⣿[38;2;178;178;178m⣿[38;2;178;178;178m⣿[38;2;178;178;178m⣿[38;2;178;178;178m⣿[38;2;178;178;178m⣿[38;2;178;178;178m
[38;2;178;178;178m⣿[38;2;178;178;178m⣿[38;2;178;178;178m⣿[38;2;178;178;178m⣿[38;2;178;178;178m⣿[38;2;178;178;178m⣿[38;2;178;178;178m⣟[38;2;178;178;178m⡃[38;2;178;178;178m⣿[38;2;178;178;178m⣯[38;2;178;178;178m⡁[38;2;178;178;178m⢀[38;2;178;178;178m⣛[38;2;178;178;178m⠀[38;2;178;178;178m⠤[38;2;178;178;178m⣀[38;2;178;178;178m⠀[38;2;178;178;178m⠀[38;2;178;178;178m⠀[38;2;178;178;178m⠀[38;2;178;178;178m⠀[38;2;178;178;178m⠀[38;2;178;178;178m⠀[38;2;178;178;178m⠀[38;2;242;43;83m⠘[38;2;242;43;83m⢿[38;2;242;43;83m⣿[38;2;242;43;83m⣿[38;2;242;43;83m⣿[38;2;242;43;83m⣿[38;2;242;43;83m⣿[38;2;242;43;83m⣿[38;2;242;43;83m⣿[38;2;242;43;83m⡟[38;2;242;43;83m⠁[38;2;178;178;178m⣿[38;2;178;178;178m⣿[38;2;178;178;178m⣿[38;2;178;178;178m⣿[38;2;178;178;178m⣿[38;2;178;178;178m⣿[38;2;178;178;178m⣿[38;2;178;178;178m
[38;2;178;178;178m⣿[38;2;178;178;178m⣿[38;2;178;178;178m⣿[38;2;178;178;178m⣿[38;2;178;178;178m⣿[38;2;178;178;178m⣿[38;2;178;178;178m⡿[38;2;178;178;178m⢡[38;2;178;178;178m⣿[38;2;178;178;178m⣿[38;2;178;178;178m⣇[38;2;178;178;178m⢸[38;2;178;178;178m⣿[38;2;178;178;178m⣿[38;2;178;178;178m⡗[38;2;178;178;178m⣿[38;2;178;178;178m⠀[38;2;178;178;178m⠀[38;2;178;178;178m⠀[38;2;178;178;178m⠀[38;2;178;178;178m⠀[38;2;178;178;178m⠀[38;2;178;178;178m⠀[38;2;178;178;178m⠀[38;2;178;178;178m⠀[38;2;178;178;178m⠀[38;2;242;43;83m⠻[38;2;242;43;83m⣿[38;2;242;43;83m⣿[38;2;242;43;83m⠿[38;2;242;43;83m⠛[38;2;242;43;83m⠛[38;2;242;43;83m⠋[38;2;178;178;178m⠀[38;2;178;178;178m⠀[38;2;178;178;178m⠹[38;2;178;178;178m⢿[38;2;178;178;178m⣿[38;2;178;178;178m⣿[38;2;178;178;178m⣿[38;2;178;178;178m⣿[38;2;178;178;178m⣿[38;2;178;178;178m
[38;2;178;178;178m⣿[38;2;178;178;178m⣿[38;2;178;178;178m⣿[38;2;178;178;178m⣿[38;2;178;178;178m⣿[38;2;178;178;178m⣧[38;2;178;178;178m⢶[38;2;178;178;178m⣿[38;2;178;178;178m⣿[38;2;178;178;178m⣿[38;2;178;178;178m⣿[38;2;178;178;178m⣿[38;2;178;178;178m⣿[38;2;178;178;178m⣿[38;2;178;178;178m⣿[38;2;178;178;178m⣿[38;2;178;178;178m⠀[38;2;178;178;178m⠀[38;2;178;178;178m⢀[38;2;178;178;178m⠀[38;2;178;178;178m⢰[38;2;178;178;178m⡆[38;2;178;178;178m⠀[38;2;178;178;178m⠀[38;2;178;178;178m⠀[38;2;178;178;178m⠀[38;2;178;178;178m⠀[38;2;178;178;178m⠀[38;2;178;178;178m⠀[38;2;178;178;178m⠀[38;2;178;178;178m⠀[38;2;178;178;178m⠀[38;2;178;178;178m⠀[38;2;178;178;178m⠀[38;2;178;178;178m⠀[38;2;178;178;178m⠀[38;2;178;178;178m⠀[38;2;178;178;178m⢻[38;2;178;178;178m⣿[38;2;178;178;178m⣿[38;2;178;178;178m⣿[38;2;178;178;178m⣿[38;2;178;178;178m
[38;2;178;178;178m⣿[38;2;178;178;178m⣿[38;2;178;178;178m⣿[38;2;178;178;178m⣿[38;2;178;178;178m⣿[38;2;178;178;178m⣿[38;2;178;178;178m⣎[38;2;178;178;178m⢿[38;2;178;178;178m⣿[38;2;178;178;178m⣿[38;2;178;178;178m⣿[38;2;178;178;178m⣿[38;2;178;178;178m⣿[38;2;178;178;178m⣿[38;2;178;178;178m⣿[38;2;178;178;178m⣿[38;2;178;178;178m⠀[38;2;178;178;178m⠀[38;2;178;178;178m⢸[38;2;178;178;178m⡧[38;2;178;178;178m⠸[38;2;178;178;178m⠀[38;2;178;178;178m⠀[38;2;178;178;178m⠀[38;2;178;178;178m⠀[38;2;178;178;178m⠀[38;2;178;178;178m⠀[38;2;178;178;178m⠀[38;2;178;178;178m⠀[38;2;178;178;178m⠀[38;2;178;178;178m⠀[38;2;178;178;178m⠀[38;2;178;178;178m⠀[38;2;178;178;178m⠀[38;2;178;178;178m⠀[38;2;178;178;178m⠀[38;2;178;178;178m⠀[38;2;178;178;178m⠺[38;2;178;178;178m⣿[38;2;178;178;178m⣿[38;2;178;178;178m⣿[38;2;178;178;178m⣿[38;2;178;178;178m
[38;2;178;178;178m⣿[38;2;178;178;178m⣿[38;2;178;178;178m⣿[38;2;178;178;178m⣿[38;2;178;178;178m⣿[38;2;178;178;178m⣿[38;2;178;178;178m⣿[38;2;178;178;178m⣮[38;2;178;178;178m⢿[38;2;178;178;178m⣿[38;2;178;178;178m⣿[38;2;178;178;178m⣿[38;2;178;178;178m⣿[38;2;178;178;178m⣿[38;2;178;178;178m⣿[38;2;178;178;178m⣿[38;2;178;178;178m⠀[38;2;178;178;178m⠀[38;2;178;178;178m⢸[38;2;178;178;178m⡗[38;2;178;178;178m⠀[38;2;178;178;178m⠀[38;2;178;178;178m⠀[38;2;178;178;178m⠀[38;2;178;178;178m⠀[38;2;178;178;178m⠀[38;2;178;178;178m⢾[38;2;178;178;178m⣿[38;2;178;178;178m⡷[38;2;178;178;178m⠀[38;2;178;178;178m⠀[38;2;178;178;178m⠀[38;2;178;178;178m⠀[38;2;178;178;178m⢀[38;2;178;178;178m⣤[38;2;178;178;178m⣤[38;2;178;178;178m⣶[38;2;178;178;178m⣶[38;2;178;178;178m⣶[38;2;178;178;178m⣤[38;2;178;178;178m⣾[38;2;178;178;178m⣭[38;2;178;178;178m
[38;2;178;178;178m⣿[38;2;178;178;178m⣿[38;2;178;178;178m⣿[38;2;178;178;178m⣿[38;2;178;178;178m⣿[38;2;178;178;178m⣿[38;2;178;178;178m⣿[38;2;178;178;178m⣿[38;2;178;178;178m⣷[38;2;178;178;178m⡻[38;2;178;178;178m⢿[38;2;178;178;178m⡿[38;2;178;178;178m⠿[38;2;178;178;178m⠿[38;2;178;178;178m⠿[38;2;178;178;178m⣿[38;2;178;178;178m⠀[38;2;178;178;178m⠀[38;2;178;178;178m⣸[38;2;178;178;178m⣟[38;2;178;178;178m⠀[38;2;178;178;178m⠀[38;2;178;178;178m⠀[38;2;178;178;178m⠀[38;2;178;178;178m⠀[38;2;178;178;178m⠀[38;2;178;178;178m⠀[38;2;178;178;178m⠉[38;2;178;178;178m⠀[38;2;178;178;178m⠀[38;2;178;178;178m⠀[38;2;178;178;178m⠀[38;2;178;178;178m⣠[38;2;178;178;178m⣾[38;2;178;178;178m⢾[38;2;178;178;178m⡷[38;2;178;178;178m⣿[38;2;178;178;178m⣿[38;2;178;178;178m⣿[38;2;178;178;178m⣿[38;2;178;178;178m⣿[38;2;178;178;178m⣿[38;2;178;178;178m
[38;2;178;178;178m⣿[38;2;178;178;178m⣿[38;2;178;178;178m⣿[38;2;178;178;178m⣿[38;2;178;178;178m⣿[38;2;178;178;178m⣿[38;2;178;178;178m⣿[38;2;178;178;178m⣿[38;2;178;178;178m⣿[38;2;178;178;178m⣿[38;2;178;178;178m⣷[38;2;178;178;178m⣶[38;2;178;178;178m⠀[38;2;178;178;178m⠀[38;2;178;178;178m⠀[38;2;178;178;178m⢈[38;2;178;178;178m⠀[38;2;178;178;178m⠀[38;2;178;178;178m⢼[38;2;178;178;178m⡧[38;2;178;178;178m⡀[38;2;178;178;178m⠀[38;2;178;178;178m⠀[38;2;178;178;178m⠀[38;2;178;178;178m⠀[38;2;178;178;178m⠀[38;2;178;178;178m⠀[38;2;178;178;178m⠀[38;2;178;178;178m⢀[38;2;178;178;178m⣀[38;2;178;178;178m⣠[38;2;178;178;178m⣾[38;2;178;178;178m⡿[38;2;178;178;178m⣽[38;2;178;178;178m⢿[38;2;178;178;178m⣟[38;2;178;178;178m⣿[38;2;178;178;178m⣿[38;2;178;178;178m⣿[38;2;178;178;178m⣿[38;2;178;178;178m⣿[38;2;178;178;178m⣿[38;2;178;178;178m
[38;2;178;178;178m⣿[38;2;178;178;178m⣿[38;2;178;178;178m⣿[38;2;178;178;178m⣿[38;2;178;178;178m⣿[38;2;178;178;178m⣿[38;2;178;178;178m⣿[38;2;178;178;178m⣿[38;2;178;178;178m⣿[38;2;178;178;178m⣿[38;2;178;178;178m⣿[38;2;178;178;178m⣿[38;2;178;178;178m⡇[38;2;178;178;178m⠀[38;2;178;178;178m⠀[38;2;178;178;178m⢸[38;2;178;178;178m⣧[38;2;178;178;178m⡀[38;2;178;178;178m⢸[38;2;178;178;178m⡗[38;2;178;178;178m⣼[38;2;178;178;178m⢶[38;2;178;178;178m⡤[38;2;178;178;178m⣀[38;2;178;178;178m⢤[38;2;178;178;178m⡴[38;2;178;178;178m⣶[38;2;178;178;178m⢾[38;2;178;178;178m⡽[38;2;178;178;178m⢋[38;2;178;178;178m⣥[38;2;178;178;178m⡵[38;2;178;178;178m⣾[38;2;178;178;178m⣶[38;2;178;178;178m⡷[38;2;178;178;178m⣨[38;2;178;178;178m⣿[38;2;178;178;178m⣿[38;2;178;178;178m⣿[38;2;178;178;178m⣿[38;2;178;178;178m⣿[38;2;178;178;178m⣿[38;2;178;178;178m
[38;2;178;178;178m⣿[38;2;178;178;178m⣿[38;2;178;178;178m⣿[38;2;178;178;178m⣿[38;2;178;178;178m⣿[38;2;178;178;178m⣿[38;2;178;178;178m⣿[38;2;178;178;178m⣿[38;2;178;178;178m⣿[38;2;178;178;178m⣿[38;2;178;178;178m⣿[38;2;178;178;178m⣿[38;2;178;178;178m⡇[38;2;178;178;178m⠀[38;2;178;178;178m⢠[38;2;178;178;178m⣧[38;2;178;178;178m⢙[38;2;178;178;178m⣵[38;2;178;178;178m⢻[38;2;178;178;178m⣟[38;2;178;178;178m⣿[38;2;178;178;178m⣻[38;2;178;178;178m⣟[38;2;178;178;178m⣿[38;2;178;178;178m⣻[38;2;178;178;178m⡟[38;2;178;178;178m⠟[38;2;178;178;178m⣉[38;2;178;178;178m⠚[38;2;178;178;178m⢫[38;2;178;178;178m⣛[38;2;178;178;178m⣝[38;2;178;178;178m⡻[38;2;178;178;178m⣿[38;2;178;178;178m⣿[38;2;178;178;178m⣿[38;2;178;178;178m⣿[38;2;178;178;178m⣿[38;2;178;178;178m⣿[38;2;178;178;178m⣿[38;2;178;178;178m⣿[38;2;178;178;178m⣿[38;2;178;178;178m
[38;2;178;178;178m⣿[38;2;178;178;178m⣿[38;2;178;178;178m⣿[38;2;178;178;178m⣿[38;2;178;178;178m⣿[38;2;178;178;178m⣿[38;2;178;178;178m⣿[38;2;178;178;178m⣿[38;2;178;178;178m⣿[38;2;178;178;178m⣿[38;2;178;178;178m⣿[38;2;178;178;178m⣿[38;2;178;178;178m⣿[38;2;178;178;178m⡀[38;2;178;178;178m⣸[38;2;178;178;178m⣡[38;2;178;178;178m⣿[38;2;178;178;178m⣿[38;2;178;178;178m⣹[38;2;178;178;178m⣯[38;2;178;178;178m⣿[38;2;178;178;178m⣽[38;2;178;178;178m⣯[38;2;178;178;178m⡿[38;2;178;178;178m⢉[38;2;178;178;178m⣦[38;2;178;178;178m⡿[38;2;178;178;178m⣽[38;2;178;178;178m⣯[38;2;178;178;178m⣆[38;2;178;178;178m⠹[38;2;178;178;178m⣯[38;2;178;178;178m⣿[38;2;178;178;178m⣮[38;2;178;178;178m⡻[38;2;178;178;178m⢿[38;2;178;178;178m⣿[38;2;178;178;178m⣿[38;2;178;178;178m⣿[38;2;178;178;178m⣿[38;2;178;178;178m⣿[38;2;178;178;178m⣿[38;2;178;178;178m
[38;2;178;178;178m⣿[38;2;178;178;178m⣿[38;2;178;178;178m⣿[38;2;178;178;178m⣿[38;2;178;178;178m⣿[38;2;178;178;178m⣿[38;2;178;178;178m⣿[38;2;178;178;178m⣿[38;2;178;178;178m⣿[38;2;178;178;178m⣿[38;2;178;178;178m⣿[38;2;178;178;178m⣿[38;2;178;178;178m⣿[38;2;178;178;178m⣿[38;2;178;178;178m⡇[38;2;178;178;178m⢿[38;2;178;178;178m⣿[38;2;178;178;178m⣿[38;2;178;178;178m⢾[38;2;178;178;178m⡷[38;2;178;178;178m⣻[38;2;178;178;178m⠾[38;2;178;178;178m⠁[38;2;178;178;178m⢄[38;2;178;178;178m⡾[38;2;178;178;178m⡣[38;2;178;178;178m⣎[38;2;178;178;178m⢼[38;2;178;178;178m⡳[38;2;178;178;178m⣿[38;2;178;178;178m⣷[38;2;178;178;178m⡹[38;2;178;178;178m⣿[38;2;178;178;178m⣿[38;2;178;178;178m⣿[38;2;178;178;178m⣶[38;2;178;178;178m⣝[38;2;178;178;178m⠻[38;2;178;178;178m⣿[38;2;178;178;178m⣿[38;2;178;178;178m⣿[38;2;178;178;178m⣿[38;2;178;178;178m
[38;2;178;178;178m⣿[38;2;178;178;178m⣿[38;2;178;178;178m⣿[38;2;178;178;178m⣿[38;2;178;178;178m⣿[38;2;178;178;178m⣿[38;2;178;178;178m⣿[38;2;178;178;178m⣿[38;2;178;178;178m⣿[38;2;178;178;178m⣿[38;2;178;178;178m⣿[38;2;178;178;178m⣿[38;2;178;178;178m⣿[38;2;178;178;178m⣿[38;2;178;178;178m⣿[38;2;178;178;178m⣶[38;2;178;178;178m⡝[38;2;178;178;178m⣿[38;2;178;178;178m⣻[38;2;178;178;178m⣟[38;2;178;178;178m⡼[38;2;178;178;178m⣡[38;2;178;178;178m⡞[38;2;178;178;178m⡌[38;2;178;178;178m⣰[38;2;178;178;178m⣝[38;2;178;178;178m⣯[38;2;178;178;178m⣿[38;2;178;178;178m⣽[38;2;178;178;178m⣿[38;2;178;178;178m⣿[38;2;178;178;178m⣷[38;2;178;178;178m⠹[38;2;178;178;178m⣿[38;2;178;178;178m⣿[38;2;178;178;178m⣿[38;2;178;178;178m⣿[38;2;178;178;178m⣷[38;2;178;178;178m⣝[38;2;178;178;178m⢿[38;2;178;178;178m⣿[38;2;178;178;178m⣿[38;2;178;178;178m

